3000.000512,0,0,82.1503589153
3000.000512,0,8539.17482286,76.5532062054
3000.000512,0,8581.26609399,76.9305520058
3000.000512,0,8942.29999918,81.9069390297
3000.000512,0,9000.001536,83.5132191181
3000.000512,2997.46618729,0,216.5266451836
3000.000512,3000.000512,0,216.7097160816
3000.000512,0,30490.5966163,99.5883080959
3000.000512,0,31063.742281,101.4603149891
3000.000512,0,31204.6903783,101.9698920250
3000.000512,0,31658.5865835,103.8062069416
3000.000512,0,32358.0608958,107.0107219219
3000.000512,0,32505.3740335,107.8847889900
3000.000512,0,32395.3649045,107.2068078518
3000.000512,0,32609.9080859,108.6622688770
3000.000512,0,32698.9335588,109.4954979420
3000.000512,0,32931.6352144,112.4245691299
3000.000512,0,32976.9713492,113.2838430405
3000.000512,0,33000.005632,114.1603770256
3000.000512,8987.0362323,0,517.5071940422
3000.000512,8989.14067978,0,517.6283760071
3000.000512,8998.98602837,0,518.4792881012
3000.000512,9000.001536,0,518.6548540592
3000.000512,0,0,81.0638458729
3000.000512,0,8759.35792194,78.0403749943
3000.000512,0,8761.51103904,78.0595579147
3000.000512,0,8958.54483309,80.7290611267
3000.000512,0,9000.001536,81.8602800369
3000.000512,2989.80906941,0,210.2829399109
3000.000512,3000.000512,0,210.9997370243
3000.000512,0,29501.7816985,117.3678691387
3000.000512,0,31094.7489878,123.7052211761
3000.000512,0,31595.0791732,125.9082469940
3000.000512,0,31598.199597,125.9235970974
3000.000512,0,32192.6485607,129.2360360622
3000.000512,0,32270.5690379,129.7773249149
3000.000512,0,32232.3484001,129.4901211262
3000.000512,0,32554.6591947,132.5077309608
3000.000512,0,32492.7874987,131.7981920242
3000.000512,0,32679.0943534,134.4351751804
3000.000512,0,33000.005632,142.4131178856
3000.000512,0,32983.9821371,141.6524660587
3000.000512,8940.49290249,0,413.2475001812
3000.000512,8969.84831249,0,414.6043660641
3000.000512,8999.07058291,0,416.6338450909
3000.000512,9000.001536,0,416.7631740570
3000.000512,0,0,80.6590790749
3000.000512,0,8620.54166018,78.2295138836
3000.000512,0,8644.50676471,78.4469919205
3000.000512,0,8943.09115883,82.5966989994
3000.000512,0,9000.001536,84.1938669682
3000.000512,2954.13110935,0,186.5068337917
3000.000512,3000.000512,0,189.4027638435
3000.000512,0,30255.2098873,102.9188671112
3000.000512,0,30594.5405082,104.0731649399
3000.000512,0,31300.4015901,106.7353291512
3000.000512,0,32148.6574802,110.3138840199
3000.000512,0,32408.4328573,111.5770962238
3000.000512,0,32372.4310898,111.3802671432
3000.000512,0,32556.7405202,112.5276551247
3000.000512,0,32654.6377507,113.2844281197
3000.000512,0,32658.2426348,113.3194680214
3000.000512,0,32850.832743,115.8400971889
3000.000512,0,32888.3306794,116.5825159550
3000.000512,0,33000.005632,121.0900919437
3000.000512,8981.4989955,0,482.5142300129
3000.000512,8994.09113017,0,483.1907188892
3000.000512,8994.87639749,0,483.2540202141
3000.000512,9000.001536,0,484.0810141563
3000.000512,0,0,76.5987739563
3000.000512,0,8924.73859585,90.3709979057
3000.000512,0,8930.15905863,90.4258849621
3000.000512,0,8970.96215001,91.0480699539
3000.000512,0,9000.001536,91.9380109310
3000.000512,2994.88367284,0,191.9916899204
3000.000512,3000.000512,0,192.3197128773
3000.000512,0,29924.0015047,108.2705731392
3000.000512,0,30239.3427163,109.4115359783
3000.000512,0,31398.2734402,114.0665819645
3000.000512,0,32008.3439409,116.8064792156
3000.000512,0,32173.903009,117.6469731331
3000.000512,0,32259.3674127,118.1453709602
3000.000512,0,32363.8584063,118.8606421947
3000.000512,0,32518.2284291,120.1745781898
3000.000512,0,32501.3056789,119.9980158806
3000.000512,0,32732.2721042,123.1942930222
3000.000512,0,32873.3248437,126.2257099152
3000.000512,0,33000.005632,131.7908310890
3000.000512,8937.55655254,0,466.9098520279
3000.000512,8978.59220032,0,469.0536088943
3000.000512,8998.78835443,0,470.6381089687
3000.000512,9000.001536,0,470.8285090923
3000.000512,0,0,72.2794928551
3000.000512,0,8681.2573452,78.0742690563
3000.000512,0,8802.39191004,79.1636841297
3000.000512,0,8881.23603223,80.2393770218
3000.000512,0,9000.001536,83.5468719006
3000.000512,2978.1534464,0,179.9312548637
3000.000512,3000.000512,0,181.2511901855
3000.000512,0,30646.140994,93.1872520447
3000.000512,0,31239.365003,94.9910979271
3000.000512,0,31342.0179064,95.3364000320
3000.000512,0,31928.3951536,97.5423450470
3000.000512,0,32013.3729334,97.9038589001
3000.000512,0,32344.0549955,99.5215299129
3000.000512,0,32395.3695529,99.8159768581
3000.000512,0,32437.1545989,100.1057100296
3000.000512,0,32554.8785968,101.2429509163
3000.000512,0,32520.2109883,100.8326759338
3000.000512,0,32651.6742289,103.0071449280
3000.000512,0,33000.005632,116.5384800434
3000.000512,8990.98490599,0,481.2453930378
3000.000512,8994.20026109,0,481.4174959660
3000.000512,8997.50398707,0,481.6828310490
3000.000512,9000.001536,0,482.0841739178
3000.000512,0,0,72.8089451790
3000.000512,2998.18132089,0,193.8363318443
3000.000512,3000.000512,0,193.9539449215
3000.000512,0,31323.5796591,117.8736190796
3000.000512,0,31478.1866075,118.4554197788
3000.000512,0,31519.7090717,118.6281330585
3000.000512,0,31534.113767,118.6950931549
3000.000512,0,31589.0726644,118.9845809937
3000.000512,0,31983.7520584,121.3818750381
3000.000512,0,32678.0583347,126.3440418243
3000.000512,0,32826.7810647,127.7173109055
3000.000512,0,32784.290081,127.2584509850
3000.000512,0,32895.8330638,128.7164452076
3000.000512,0,32996.9812748,130.9246909618
3000.000512,0,33000.005632,131.0568118095
3000.000512,8959.93999294,0,412.5928280354
3000.000512,8972.92598471,0,413.1908149719
3000.000512,8996.87025739,0,414.8472149372
3000.000512,9000.001536,0,415.2806680202
3000.000512,0,0,69.3025610447
3000.000512,0,0,87.6785140038
3000.000512,0,8809.15234021,80.8871829510
3000.000512,0,8835.51461624,81.1292459965
3000.000512,0,8961.94425642,82.8869559765
3000.000512,0,9000.001536,83.9519500732
3000.000512,2998.19749497,0,187.4963319302
3000.000512,3000.000512,0,187.6090860367
3000.000512,0,31355.8242764,118.5212521553
3000.000512,0,31429.8461346,118.8010458946
3000.000512,0,31771.7733033,120.2298719883
3000.000512,0,31975.6414728,121.1809530258
3000.000512,0,32013.7546002,121.3819739819
3000.000512,0,32289.8711488,123.0566010475
3000.000512,0,32379.4452772,123.6941239834
3000.000512,0,32486.9846446,124.6191937923
3000.000512,0,32617.4080001,126.0341219902
3000.000512,0,32703.3339589,127.2908349037
3000.000512,0,32816.9689513,129.8270189762
3000.000512,0,33000.005632,138.2627348900
3000.000512,8954.65898868,0,482.6945941448
3000.000512,8994.66379084,0,484.8510248661
3000.000512,8998.58846103,0,485.1684539318
3000.000512,9000.001536,0,485.3970880508
3000.000512,0,0,86.1022861004
3000.000512,0,8895.7902151,76.1241819859
3000.000512,0,8899.98649499,76.1600909233
3000.000512,0,8954.41279729,76.8626539707
3000.000512,0,9000.001536,78.0487010479
3000.000512,2992.77973092,0,203.4310290813
3000.000512,3000.000512,0,203.9218540192
3000.000512,0,31556.1836711,140.1209189892
3000.000512,0,31663.9944439,140.5996379852
3000.000512,0,31683.1323011,140.6935110092
3000.000512,0,31836.2827272,141.5324769020
3000.000512,0,32283.6699695,144.3052499294
3000.000512,0,32286.5575248,144.3257930279
3000.000512,0,32345.1574386,144.8150448799
3000.000512,0,32419.4097828,145.5646259785
3000.000512,0,32816.7980798,150.6554908752
3000.000512,0,32810.9675634,150.5558629036
3000.000512,0,32952.3529625,154.1663749218
3000.000512,0,33000.005632,156.6547129154
3000.000512,8950.16232468,0,452.0954229832
3000.000512,8990.66092172,0,454.1411099434
3000.000512,8997.78678842,0,454.6813089848
3000.000512,9000.001536,0,455.0172250271
3000.000512,0,0,87.5812141895
3000.000512,0,8801.98038095,75.6311471462
3000.000512,0,8837.40178719,75.9355061054
3000.000512,0,8870.8299082,76.3703539371
3000.000512,0,9000.001536,79.8066029549
3000.000512,2993.75825084,0,206.2974169254
3000.000512,3000.000512,0,206.7275660038
3000.000512,0,30725.1426125,116.2998580933
3000.000512,0,31763.2623981,120.2293169498
3000.000512,0,31836.4714998,120.5353281498
3000.000512,0,31873.4912743,120.7080371380
3000.000512,0,31947.679211,121.0995419025
3000.000512,0,32083.7546923,121.9256370068
3000.000512,0,32174.9760285,122.5766777992
3000.000512,0,32401.75457,124.5377228260
3000.000512,0,32471.5366191,125.2999300957
3000.000512,0,32689.6432566,128.5258808136
3000.000512,0,32743.3064334,129.7381031513
3000.000512,0,33000.005632,141.8780992031
3000.000512,8971.90534658,0,462.6745340824
3000.000512,8993.45768224,0,463.7859721184
3000.000512,8999.71893771,0,464.2704808712
3000.000512,9000.001536,0,464.3142189980
3000.000512,0,0,80.5964019299
3000.000512,0,8707.25752895,81.5488290787
3000.000512,0,8959.4446751,83.9107170105
3000.000512,0,8967.72682243,84.0273320675
3000.000512,0,9000.001536,84.9411489964
3000.000512,2979.25624097,0,203.5232188702
3000.000512,3000.000512,0,204.9403312206
3000.000512,0,30666.9882034,101.0734210014
3000.000512,0,30990.3135174,102.1390488148
3000.000512,0,31463.180812,103.8645820618
3000.000512,0,31527.8969374,104.1285598278
3000.000512,0,31840.8988184,105.5753188133
3000.000512,0,32093.7300076,106.9206578732
3000.000512,0,32246.9486434,107.8790349960
3000.000512,0,32420.7672954,109.1952040195
3000.000512,0,32472.4127515,109.6889920235
3000.000512,0,32738.726264,113.1368498802
3000.000512,0,32801.6305316,114.3769850731
3000.000512,0,33000.005632,122.4756929874
3000.000512,8983.7650446,0,484.5997488499
3000.000512,8996.97104115,0,485.3121030331
3000.000512,8998.4873724,0,485.4348139763
3000.000512,9000.001536,0,485.6799468994
3000.000512,0,0,79.9238519669
3000.000512,0,8816.1983239,70.6066401005
3000.000512,0,8849.79148785,70.8756790161
3000.000512,0,8923.30179341,71.7663249969
3000.000512,0,9000.001536,73.6492850780
3000.000512,2996.59477101,0,185.1968429089
3000.000512,3000.000512,0,185.4073259830
3000.000512,0,31200.9395281,96.4431600571
3000.000512,0,31312.010825,96.7864851952
3000.000512,0,31435.6455989,97.2091388702
3000.000512,0,31590.5705525,97.8012261391
3000.000512,0,31839.3062155,98.8780760765
3000.000512,0,32040.143355,99.8790380955
3000.000512,0,32290.8758613,101.3486809731
3000.000512,0,32312.8182404,101.5042929649
3000.000512,0,32516.8496514,103.3349659443
3000.000512,0,32672.3572404,105.2217409611
3000.000512,0,32820.9812519,107.9787058830
3000.000512,0,33000.005632,114.8312349319
3000.000512,8933.3237791,0,460.9828598499
3000.000512,8980.02188352,0,463.3926041126
3000.000512,8995.36966787,0,464.5819058418
3000.000512,9000.001536,0,465.3003089428
3000.000512,0,0,69.3317301273
3000.000512,0,8804.61468457,74.5748569965
3000.000512,0,8922.43604794,75.5728008747
3000.000512,0,8939.82348753,75.7946720123
3000.000512,0,9000.001536,77.3461859226
3000.000512,2998.97533372,0,198.5391418934
3000.000512,3000.000512,0,198.6070110798
3000.000512,0,31061.4502397,110.4651288986
3000.000512,0,31460.4296041,111.8840358257
3000.000512,0,31691.9713582,112.7942759991
3000.000512,0,32043.3900026,114.3370931149
3000.000512,0,32345.8896183,115.8380410671
3000.000512,0,32565.4260602,117.0879580975
3000.000512,0,32729.1034301,118.1790020466
3000.000512,0,32787.440637,118.6470708847
3000.000512,0,32859.8246632,119.3756561279
3000.000512,0,32896.7931575,119.8737630844
3000.000512,0,32966.905135,121.2990450859
3000.000512,0,33000.005632,122.6523292065
3000.000512,8926.24900196,0,430.6983449459
3000.000512,8997.33417504,0,434.1282589436
3000.000512,8998.15747429,0,434.1878550053
3000.000512,9000.001536,0,434.4549088478
3000.000512,0,0,70.5100679398
3000.000512,0,0,81.8829360008
3000.000512,0,8820.62697921,78.5139148235
3000.000512,0,8827.38340805,78.5740549564
3000.000512,0,8878.89513702,79.2686181068
3000.000512,0,9000.001536,82.6032099724
3000.000512,3000.000512,0,198.3072280884
3000.000512,2991.54758154,0,197.7484691143
3000.000512,0,31391.7401304,143.3055670261
3000.000512,0,31747.9522054,144.9317009449
3000.000512,0,31800.6545786,145.1973979473
3000.000512,0,31810.0187019,145.2500960827
3000.000512,0,32219.1559889,147.8554089069
3000.000512,0,32300.8083057,148.4525029659
3000.000512,0,32475.2043825,149.9489381313
3000.000512,0,32630.4634233,151.5572700500
3000.000512,0,32651.5534926,151.8320960999
3000.000512,0,32699.341082,152.6707539558
3000.000512,0,32775.0014401,154.6975028515
3000.000512,0,33000.005632,167.2407939434
3000.000512,8980.54531729,0,431.5487849712
3000.000512,8986.61575098,0,431.8404920101
3000.000512,8996.82506557,0,432.5769340992
3000.000512,9000.001536,0,433.0354421139
3000.000512,0,0,80.0367009640
3000.000512,0,8913.66842114,82.8282008171
3000.000512,0,8916.2817899,82.8524849415
3000.000512,0,8931.85718096,83.0706050396
3000.000512,0,9000.001536,85.0013930798
3000.000512,2986.45401144,0,212.8216109276
3000.000512,3000.000512,0,213.7869658470
3000.000512,0,30986.3421526,130.2144770622
3000.000512,0,31446.2589517,132.1471939087
3000.000512,0,31610.7259726,132.9112260342
3000.000512,0,32000.4925059,134.9339859486
3000.000512,0,32047.6481851,135.2106280327
3000.000512,0,32221.6634974,136.3842680454
3000.000512,0,32286.2853973,136.8960311413
3000.000512,0,32465.1263308,138.6097459793
3000.000512,0,32608.5271437,140.3434169292
3000.000512,0,32650.4647899,141.0271198750
3000.000512,0,32870.199869,146.5113821030
3000.000512,0,33000.005632,153.1374208927
3000.000512,8987.5423792,0,513.2852530479
3000.000512,8990.41885696,0,513.4495308399
3000.000512,8999.41598616,0,514.2206909657
3000.000512,9000.001536,0,514.3210778236
3000.000512,0,0,80.6805758476
3000.000512,0,8535.32175493,77.3144021034
3000.000512,0,8731.03168627,79.0871760845
3000.000512,0,8945.54425023,82.0474100113
3000.000512,0,9000.001536,83.5643048286
3000.000512,2837.42081701,0,253.3633589745
3000.000512,3000.000512,0,267.8806760311
3000.000512,0,30557.1305752,103.7998058796
3000.000512,0,30590.8839516,103.9144630432
3000.000512,0,31081.3637966,105.7617380619
3000.000512,0,31316.3416886,106.7525801659
3000.000512,0,31841.5488027,109.2649641037
3000.000512,0,31937.6949356,109.7944290638
3000.000512,0,32275.8470495,111.9864170551
3000.000512,0,32478.0844263,113.5728619099
3000.000512,0,32649.4155122,115.2681419849
3000.000512,0,32698.3421073,115.9201722145
3000.000512,0,32859.6861646,119.2023630142
3000.000512,0,33000.005632,125.0514111519
3000.000512,8878.0667834,0,418.1008131504
3000.000512,8994.56938688,0,423.5873491764
3000.000512,8999.78423303,0,423.9558398724
3000.000512,9000.001536,0,423.9865510464
3000.000512,0,0,78.9884121418
3000.000512,0,8015.41665417,80.2109098434
3000.000512,0,8435.56733063,84.4153909683
3000.000512,0,8842.94860662,90.7421000004
3000.000512,0,9000.001536,95.7549650669
3000.000512,3000.000512,0,218.6933779716
3000.000512,2999.35637958,0,218.6464221478
3000.000512,0,30839.4129014,100.9024620056
3000.000512,0,31042.9300028,101.5683429241
3000.000512,0,31198.1984963,102.1307079792
3000.000512,0,31698.1092057,104.1568939686
3000.000512,0,31901.4555461,105.0900080204
3000.000512,0,32091.0541319,106.0911870003
3000.000512,0,32543.367812,108.8988840580
3000.000512,0,32584.1890195,109.2045481205
3000.000512,0,32775.8087156,111.0109541416
3000.000512,0,32824.3960109,111.6255669594
3000.000512,0,32861.2125007,112.3311619759
3000.000512,0,33000.005632,117.7801880836
300.000256,0,0,9.1215879917
300.000256,0,900.000768,8.5178470612
300.000256,0,830.338630073,7.6264760494
300.000256,0,861.159408311,7.9095580578
300.000256,0,895.747049193,8.3970720768
300.000256,299.49676997,0,22.8362419605
300.000256,300.000256,0,22.8746321201
300.000256,0,3127.54742754,10.4307231903
300.000256,0,3137.27304949,10.4708590508
300.000256,0,3176.66717367,10.6570150852
300.000256,0,3234.22015695,11.0228261948
300.000256,0,3240.34903009,11.0814809799
300.000256,0,3057.6655047,10.1877028942
300.000256,0,3099.03018974,10.3255240917
300.000256,0,3272.79330742,11.5093169212
300.000256,0,3174.15872806,10.6434910297
300.000256,0,3284.98985054,11.7543869019
300.000256,0,3234.66472575,11.0262429714
300.000256,0,3300.002816,12.3736011982
300.000256,896.63144305,0,51.2503621578
300.000256,897.215409987,0,51.2837409973
300.000256,899.58939878,0,51.4875988960
300.000256,900.000768,0,51.5582971573
300.000256,0,0,7.4320449829
300.000256,0,817.1658835,7.2471640110
300.000256,0,836.971251821,7.4228110313
300.000256,0,900.000768,8.3940770626
300.000256,0,892.938524247,8.1964738369
300.000256,297.504437817,0,23.3383741379
300.000256,300.000256,0,23.5341639519
300.000256,0,2776.10681283,9.8181650639
300.000256,0,2785.80619924,9.8619267941
300.000256,0,2624.72074356,9.2713739872
300.000256,0,2914.7808358,10.5364069939
300.000256,0,2748.27665871,9.7078139782
300.000256,0,2941.53449936,10.7007939816
300.000256,0,2951.5230426,10.7749409676
300.000256,0,3016.37581532,11.3817770481
300.000256,0,3144.14568033,12.9687361717
300.000256,0,3177.05052116,13.5421929359
300.000256,0,3217.41995165,14.6881790161
300.000256,0,3300.002816,20.2672722340
300.000256,895.980295992,0,50.3892409801
300.000256,899.553940194,0,50.5902199745
300.000256,899.967675677,0,50.6251308918
300.000256,900.000768,0,50.6307158470
300.000256,0,0,8.7198629379
300.000256,0,896.018599491,8.2110760212
300.000256,0,869.347087484,7.8589959145
300.000256,0,872.590304452,7.8883149624
300.000256,0,900.000768,8.3215351105
300.000256,299.862672983,0,22.2289090157
300.000256,300.000256,0,22.2391080856
300.000256,0,2925.30026524,9.2006120682
300.000256,0,3120.23563985,9.8137199879
300.000256,0,3123.41717876,9.8247909546
300.000256,0,3217.11827593,10.2128357887
300.000256,0,3196.7801754,10.1104259491
300.000256,0,3247.79710899,10.4339311123
300.000256,0,3248.57913379,10.4410400391
300.000256,0,3207.81220382,10.1589889526
300.000256,0,3209.50440528,10.1675510406
300.000256,0,3286.91586475,11.1052320004
300.000256,0,3257.82665596,10.5548231602
300.000256,0,3300.002816,11.6117739677
300.000256,894.046717977,0,48.1994028091
300.000256,897.85850505,0,48.4049019814
300.000256,898.598021046,0,48.4647760391
300.000256,900.000768,0,48.6924531460
300.000256,0,0,7.5132091045
300.000256,0,897.591535203,7.6621100903
300.000256,0,832.894187458,6.9713478088
300.000256,0,864.065901782,7.2322559357
300.000256,0,900.000768,7.7241408825
300.000256,297.654064664,0,20.1249160767
300.000256,300.000256,0,20.2835462093
300.000256,0,2787.69417631,10.1189050674
300.000256,0,2840.9283833,10.3121371269
300.000256,0,3042.7547589,11.1312320232
300.000256,0,3087.03371623,11.3330039978
300.000256,0,3103.81188189,11.4215388298
300.000256,0,3158.33960759,11.8098580837
300.000256,0,3101.86433228,11.4098548889
300.000256,0,3173.7126927,11.9435169697
300.000256,0,3227.33797564,12.7748601437
300.000256,0,3183.17007808,12.0487170219
300.000256,0,3222.06257647,12.6470620632
300.000256,0,3300.002816,16.8581798077
300.000256,895.749175666,0,48.9734849930
300.000256,899.621987481,0,49.1852240562
300.000256,899.798940286,0,49.1997389793
300.000256,900.000768,0,49.2328608036
300.000256,0,0,7.2028970718
300.000256,0,855.299114577,7.5884180069
300.000256,0,856.482334361,7.5989158154
300.000256,0,900.000768,8.4217100143
300.000256,0,884.148860825,7.9767098427
300.000256,300.000256,0,21.2042081356
300.000256,299.143839044,0,21.1436760426
300.000256,0,2852.35875027,7.6783099174
300.000256,0,2982.25886467,8.0279901028
300.000256,0,3105.7016902,8.3974540234
300.000256,0,3146.36847053,8.5337421894
300.000256,0,3157.32620799,8.5812101364
300.000256,0,3272.96138917,9.2447149754
300.000256,0,3272.09840652,9.2355759144
300.000256,0,3147.34658174,8.5374579430
300.000256,0,3252.41185699,9.0804550648
300.000256,0,3245.97435457,9.0402078629
300.000256,0,3300.002816,9.9679591656
300.000256,0,3283.21491727,9.4101560116
300.000256,896.211768769,0,47.4260001183
300.000256,897.214844059,0,47.4790811539
300.000256,899.517786295,0,47.6621670723
300.000256,900.000768,0,47.7390239239
300.000256,0,0,6.9565660954
300.000256,0,884.841498933,7.3219661713
300.000256,0,822.252971702,6.7156310081
300.000256,0,862.978541859,7.0482511520
300.000256,0,900.000768,7.7116420269
300.000256,292.926776231,0,19.3436980247
300.000256,300.000256,0,19.8108019829
300.000256,0,2830.53710579,8.5686988831
300.000256,0,3045.94363361,9.2207849026
300.000256,0,3146.06496136,9.5731320381
300.000256,0,3149.11118831,9.5881171227
300.000256,0,3211.04317162,9.9620060921
300.000256,0,3120.36754567,9.4706978798
300.000256,0,3134.42635501,9.5235261917
300.000256,0,3199.95963618,9.8837559223
300.000256,0,3213.10673981,9.9805088043
300.000256,0,3295.22630161,11.0128929615
300.000256,0,3291.30789209,10.9403941631
300.000256,0,3300.002816,11.1910738945
300.000256,892.846287543,0,46.4161841869
300.000256,898.997159594,0,46.7359480858
300.000256,899.492647714,0,46.7746078968
300.000256,900.000768,0,46.8539659977
300.000256,0,0,6.8072099686
300.000256,0,792.058163294,7.4595279694
300.000256,0,792.16243767,7.4605100155
300.000256,0,853.067361121,8.3837459087
300.000256,0,900.000768,9.9385831356
300.000256,293.990167979,0,19.9627552032
300.000256,300.000256,0,20.3708570004
300.000256,0,0,9.4594781399
300.000256,0,868.733206758,8.8212711811
300.000256,0,884.178346949,8.9781038761
300.000256,0,900.000768,9.2857751846
300.000256,0,895.861847649,9.1576650143
300.000256,300.000256,0,22.1554911137
300.000256,295.887030764,0,21.8517229557
300.000256,0,3089.28363436,11.0515389442
300.000256,0,3096.03355728,11.0756859779
300.000256,0,3191.62244802,11.4543340206
300.000256,0,3202.69296575,11.5032629967
300.000256,0,3239.71393201,11.6963140965
300.000256,0,3228.73522429,11.6333589554
300.000256,0,3292.55259492,12.0623619556
300.000256,0,3293.03710671,12.0689098835
300.000256,0,3295.55781066,12.1202089787
300.000256,0,3288.55797973,12.0246989727
300.000256,0,3289.90409342,12.0355730057
300.000256,0,3300.002816,12.3024909496
300.000256,889.569816603,0,48.3008189201
300.000256,899.952417483,0,48.8672039509
300.000256,899.855096889,0,48.8592770100
300.000256,900.000768,0,48.8750810623
300.000256,0,0,7.8580989838
300.000256,0,864.30992533,8.1477460861
300.000256,0,876.07425001,8.2586469650
300.000256,0,898.428051221,8.5791130066
300.000256,0,900.000768,8.6243250370
300.000256,299.02658964,0,21.9878139496
300.000256,300.000256,0,22.0594089031
300.000256,0,2922.68466074,10.6717760563
300.000256,0,2998.30661808,10.9478991032
300.000256,0,3033.65992555,11.0913388729
300.000256,0,3136.866234,11.5616989136
300.000256,0,3189.55817347,11.8340480328
300.000256,0,3202.98482765,11.9139108658
300.000256,0,3236.64497232,12.1493940353
300.000256,0,3260.97678439,12.3551630974
300.000256,0,3270.85024399,12.4602370262
300.000256,0,3272.2355989,12.4800589085
300.000256,0,3296.25162458,13.0038337708
300.000256,0,3300.002816,13.1684920788
300.000256,898.437818391,0,49.4705259800
300.000256,899.493123663,0,49.5286340714
300.000256,899.928794429,0,49.5646281242
300.000256,900.000768,0,49.5765221119
300.000256,0,0,8.5482561588
300.000256,0,872.632717483,7.5489790440
300.000256,0,891.353853359,7.7109320164
300.000256,0,896.539799899,7.7785539627
300.000256,0,900.000768,7.8693389893
300.000256,299.595095615,0,19.8726830482
300.000256,300.000256,0,19.8995580673
300.000256,0,3053.53931241,10.4726679325
300.000256,0,3192.42511442,10.9490020275
300.000256,0,3199.68429197,10.9764809608
300.000256,0,3208.95973364,11.0156440735
300.000256,0,3224.56874553,11.0901119709
300.000256,0,3226.77223048,11.1021821499
300.000256,0,3237.58746415,11.1717181206
300.000256,0,3254.51239738,11.3128070831
300.000256,0,3249.7962849,11.2665948868
300.000256,0,3269.42914626,11.5102889538
300.000256,0,3269.49024349,11.5115239620
300.000256,0,3300.002816,12.8149089813
300.000256,896.695595442,0,47.2855079174
300.000256,897.499208779,0,47.3278849125
300.000256,898.939758674,0,47.4419908524
300.000256,900.000768,0,47.6103742123
300.000256,0,0,7.5361549854
300.000256,0,865.434016767,7.9922721386
300.000256,0,880.207366186,8.1287038326
300.000256,0,894.074967996,8.3229889870
300.000256,0,900.000768,8.4907028675
300.000256,298.571400148,0,17.2741849422
300.000256,300.000256,0,17.3568530083
300.000256,0,3094.0725419,11.0814449787
300.000256,0,3114.19199052,11.1535029411
300.000256,0,3121.55352074,11.1826789379
300.000256,0,3176.33384417,11.4256207943
300.000256,0,3187.74222203,11.4828829765
300.000256,0,3243.27162631,11.8036680222
300.000256,0,3258.93752469,11.9160339832
300.000256,0,3254.43217274,11.8792359829
300.000256,0,3270.99533795,12.0400109291
300.000256,0,3297.43849726,12.4260399342
300.000256,0,3300.002816,12.5331699848
300.000256,0,3294.50012519,12.3649249077
300.000256,883.782991184,0,49.9468979836
300.000256,898.952125063,0,50.8041799068
300.000256,899.612653009,0,50.8602070808
300.000256,900.000768,0,50.9260909557
300.000256,0,0,7.2865979671
300.000256,0,863.137209764,7.0088741779
300.000256,0,867.463062223,7.0440011024
300.000256,0,886.481270536,7.2800769806
300.000256,0,900.000768,7.6236357689
300.000256,296.659165369,0,21.2444338799
300.000256,300.000256,0,21.4836969376
300.000256,0,2862.36028265,8.9810361862
300.000256,0,2983.99685398,9.3626871109
300.000256,0,3027.23665489,9.5135221481
300.000256,0,3151.94374162,10.0023100376
300.000256,0,3159.92390439,10.0377550125
300.000256,0,3197.82913883,10.2318868637
300.000256,0,3206.57292989,10.2845809460
300.000256,0,3215.79131632,10.3519840240
300.000256,0,3274.92598953,10.9006190300
300.000256,0,3279.05452431,10.9520561695
300.000256,0,3297.71139686,11.3049278259
300.000256,0,3300.002816,11.3919401169
300.000256,892.397095854,0,47.5031280518
300.000256,898.081118441,0,47.8056938648
300.000256,899.934900665,0,47.9538700581
300.000256,900.000768,0,47.9644010067
300.000256,0,0,6.7360019684
300.000256,0,867.780623597,7.3883979321
300.000256,0,876.040661324,7.4587249756
300.000256,0,890.174680563,7.6417360306
300.000256,0,900.000768,7.9005060196
300.000256,300.000256,0,18.1951849461
300.000256,299.974932369,0,18.1936490536
300.000256,0,2807.45579822,10.0554449558
300.000256,0,3050.70139852,10.9266760349
300.000256,0,3079.75123135,11.0484378338
300.000256,0,3066.57396736,10.9897270203
300.000256,0,3083.22712859,11.0660560131
300.000256,0,3090.37658223,11.1080670357
300.000256,0,3191.64195143,11.8153607845
300.000256,0,3241.24941913,12.2365400791
300.000256,0,3252.66959603,12.3589880466
300.000256,0,3276.82214414,12.7090671062
300.000256,0,3292.17021161,13.0472309589
300.000256,0,3300.002816,13.3970088959
300.000256,893.884288547,0,45.3639590740
300.000256,897.566742436,0,45.5508408546
300.000256,899.97440079,0,45.7343699932
300.000256,900.000768,0,45.7383899689
300.000256,0,0,7.0537929535
300.000256,0,861.186768248,6.7599790096
300.000256,0,885.681626348,6.9522540569
300.000256,0,891.450433397,7.0207319260
300.000256,0,900.000768,7.2267007828
300.000256,298.485561999,0,19.4651920795
300.000256,300.000256,0,19.5639700890
300.000256,0,0,9.4062469006
300.000256,0,818.111050488,7.3309559822
300.000256,0,836.777278302,7.4982209206
300.000256,0,900.000768,8.4115521908
300.000256,0,897.856814963,8.3514389992
300.000256,299.637582897,0,22.9764769077
300.000256,300.000256,0,23.0042870045
300.000256,0,3053.16052772,10.6800830364
300.000256,0,3114.81082431,10.9064350128
300.000256,0,3103.20803858,10.8561151028
300.000256,0,3100.63592948,10.8461539745
300.000256,0,3157.13157826,11.1148359776
300.000256,0,3186.92887088,11.2949120998
300.000256,0,3176.25116359,11.2234189510
300.000256,0,3200.0103007,11.4014451504
300.000256,0,3274.08561375,12.1960120201
300.000256,0,3266.62029588,12.0918490887
300.000256,0,3289.71514729,12.5280508995
300.000256,0,3300.002816,12.9729208946
300.000256,895.972611263,0,51.0828530788
300.000256,898.813531348,0,51.2448248863
300.000256,899.969808751,0,51.3437759876
300.000256,900.000768,0,51.3490750790
300.000256,0,0,8.1978499889
300.000256,0,835.680268915,7.4415588379
300.000256,0,885.731321899,7.8872530460
300.000256,0,897.830320404,8.0501739979
300.000256,0,900.000768,8.1088399887
300.000256,299.194505018,0,21.6816480160
300.000256,300.000256,0,21.7400381565
300.000256,0,2939.00471883,9.7425920963
300.000256,0,2964.00497031,9.8254661560
300.000256,0,3018.63352921,10.0269489288
300.000256,0,3047.53452252,10.1467640400
300.000256,0,3059.74422505,10.2044529915
300.000256,0,3070.4154004,10.2630059719
300.000256,0,3099.32275019,10.4519219398
300.000256,0,3112.84959749,10.5607337952
300.000256,0,3177.87002769,11.2386870384
300.000256,0,3178.00941811,11.2407009602
300.000256,0,3200.80107103,11.7766640186
300.000256,0,3300.002816,17.5947630405
300.000256,897.100488594,0,52.9817700386
300.000256,898.625338178,0,53.0718259811
300.000256,899.692483177,0,53.1664350033
300.000256,900.000768,0,53.2211258411
300.000256,0,0,7.7874648571
300.000256,0,840.326077595,7.3172261715
300.000256,0,882.367008874,7.6833019257
300.000256,0,887.424760871,7.7500300407
300.000256,0,900.000768,8.0891261101
300.000256,299.461146275,0,22.3484389782
300.000256,300.000256,0,22.3886721134
300.000256,0,3004.22838199,10.3530559540
300.000256,0,3006.2970471,10.3601849079
300.000256,0,3098.56555083,10.7134051323
300.000256,0,3113.12989754,10.7793300152
300.000256,0,3107.16643312,10.7502841949
300.000256,0,3235.23431942,11.4673149586
300.000256,0,3269.04692606,11.7231080532
300.000256,0,3250.96052787,11.5712418556
300.000256,0,3265.33091952,11.6858441830
300.000256,0,3295.9832054,12.0864689350
300.000256,0,3296.85002558,12.1040480137
300.000256,0,3300.002816,12.2326040268
300.000256,879.26601768,0,41.0368080139
300.000256,895.05219269,0,41.7735750675
300.000256,899.866272961,0,42.1115310192
300.000256,900.000768,0,42.1304187775
300.000256,0,0,7.3178429604
300.000256,0,842.111446584,7.5445449352
300.000256,0,848.848766082,7.6049051285
300.000256,0,900.000768,8.3219029903
300.000256,0,899.40797155,8.3054590225
300.000256,289.481298727,0,21.4438579082
300.000256,300.000256,0,22.2230689526
300.000256,0,2836.10921561,8.5523459911
300.000256,0,3021.16543524,9.1103868484
300.000256,0,3061.32170332,9.2448289394
300.000256,0,3185.85062112,9.7125649452
300.000256,0,3187.69344341,9.7203950882
300.000256,0,3197.88871625,9.7702529430
300.000256,0,3215.09583878,9.8692688942
300.000256,0,3234.9107828,10.0074639320
300.000256,0,3249.23151604,10.1337420940
300.000256,0,3275.32816245,10.4451498985
300.000256,0,3290.42120776,10.7191669941
300.000256,0,3300.002816,11.0728180408
300.000256,895.709889787,0,50.7055289745
300.000256,899.906797979,0,50.9592609406
300.000256,900.000768,0,50.9752280712
300.000256,899.336928023,0,50.9108531475
1000.000512,0,0,27.6468160152
1000.000512,0,2867.6014532,26.3871450424
1000.000512,0,2827.02217905,26.0137419701
1000.000512,0,2893.87759927,26.7583980560
1000.000512,0,3000.001536,29.9352421761
1000.000512,998.275631941,0,74.4770910740
1000.000512,1000.000512,0,74.6057770252
1000.000512,0,9576.15596313,37.3211469650
1000.000512,0,9758.20873015,38.0306611061
1000.000512,0,10023.116765,39.1809680462
1000.000512,0,10028.4569686,39.2070469856
1000.000512,0,10378.438043,41.1593570709
1000.000512,0,10719.0477203,43.3668580055
1000.000512,0,10785.6782372,43.9791760445
1000.000512,0,10710.5666431,43.3025469780
1000.000512,0,10850.6807928,44.7343277931
1000.000512,0,10889.956832,45.3506681919
1000.000512,0,10933.9245029,46.4057018757
1000.000512,0,11000.005632,49.6892199516
1000.000512,2981.21238818,0,151.9825069904
1000.000512,2994.97560435,0,152.6841571331
1000.000512,2998.44455402,0,152.9496510029
1000.000512,3000.001536,0,153.1881620884
1000.000512,0,0,24.6331291199
1000.000512,0,2318.33910286,23.9195041656
1000.000512,0,2911.60031232,30.0404870510
1000.000512,0,2935.54663994,30.4167997837
1000.000512,0,3000.001536,32.5123808384
1000.000512,998.891159924,0,74.2770969868
1000.000512,1000.000512,0,74.3595879078
1000.000512,0,9727.29590032,34.7123520374
1000.000512,0,10291.8258715,36.7269060612
1000.000512,0,10607.2243415,38.0100629330
1000.000512,0,10528.4440986,37.6621642113
1000.000512,0,10745.4261899,38.8152258396
1000.000512,0,10781.8436709,39.1131029129
1000.000512,0,10673.5548094,38.3414881229
1000.000512,0,10685.2459451,38.4086570740
1000.000512,0,10984.2754182,41.3215169907
1000.000512,0,10982.8572282,41.2919838428
1000.000512,0,10954.3123768,40.8968341351
1000.000512,0,11000.005632,41.9819009304
1000.000512,2989.4672083,0,170.4604330063
1000.000512,2994.29204914,0,170.7355470657
1000.000512,2999.97647667,0,171.2222030163
1000.000512,3000.001536,0,171.2264938354
1000.000512,0,0,24.8419098854
1000.000512,0,2743.68272459,22.6480479240
1000.000512,0,2844.71711412,23.4820480347
1000.000512,0,2964.23113255,25.0033841133
1000.000512,0,3000.001536,25.9309439659
1000.000512,995.201255989,0,64.3510000706
1000.000512,1000.000512,0,64.6613261700
1000.000512,0,9728.19085264,31.8819930553
1000.000512,0,10334.9610155,33.8705480099
1000.000512,0,10457.8949775,34.3165960312
1000.000512,0,10588.872714,34.8480179310
1000.000512,0,10647.6367957,35.1178619862
1000.000512,0,10755.7681572,35.6890940666
1000.000512,0,10894.3566887,36.5936641693
1000.000512,0,10858.9052435,36.3286039829
1000.000512,0,10961.0933391,37.3030779362
1000.000512,0,10968.941933,37.4523708820
1000.000512,0,10935.3787771,36.9791321754
1000.000512,0,11000.005632,38.6530778408
1000.000512,2992.41957168,0,167.2709507942
1000.000512,2998.01791124,0,167.5838880539
1000.000512,2999.94692086,0,167.7456839085
1000.000512,3000.001536,0,167.7548458576
1000.000512,0,0,24.1875419617
1000.000512,0,2752.89932932,23.6810550690
1000.000512,0,2856.590536,24.5730299950
1000.000512,0,2989.72245963,26.3351070881
1000.000512,0,3000.001536,26.6086189747
1000.000512,994.427997721,0,61.2863919735
1000.000512,1000.000512,0,61.6298248768
1000.000512,0,9750.87022604,34.2703800201
1000.000512,0,10126.9932472,35.5923008919
1000.000512,0,10343.7885433,36.4377319813
1000.000512,0,10489.7761524,37.0752670765
1000.000512,0,10825.7544442,38.8401138783
1000.000512,0,10840.7163175,38.9711489677
1000.000512,0,10698.6253252,38.1090950966
1000.000512,0,10835.6579031,38.9198219776
1000.000512,0,10817.8093517,38.7871441841
1000.000512,0,10855.3797049,39.1723129749
1000.000512,0,11000.005632,42.5206298828
1000.000512,0,10986.2327095,41.9349968433
1000.000512,2990.22971938,0,154.7539389133
1000.000512,2999.02017431,0,155.2088730335
1000.000512,2999.74813829,0,155.2653939724
1000.000512,3000.001536,0,155.3047478199
1000.000512,0,0,22.3837680817
1000.000512,0,2677.56343225,23.4729480743
1000.000512,0,2832.35393368,24.8299241066
1000.000512,0,2953.16851808,26.4670629501
1000.000512,0,3000.001536,27.7674980164
1000.000512,984.57389175,0,63.6444029808
1000.000512,1000.000512,0,64.6416039467
1000.000512,0,9703.52257527,33.8420510292
1000.000512,0,10281.7804781,35.8779358864
1000.000512,0,10370.9809341,36.2643659115
1000.000512,0,10231.0940654,35.6820118427
1000.000512,0,10470.3727079,36.7533619404
1000.000512,0,10471.9476267,36.7623078823
1000.000512,0,10766.3358769,38.7401039600
1000.000512,0,10841.3771233,39.3500289917
1000.000512,0,10848.6903874,39.4249441624
1000.000512,0,10917.5875629,40.3784599304
1000.000512,0,10991.4055943,41.9328429699
1000.000512,0,11000.005632,42.2965950966
1000.000512,2941.61130864,0,132.7011570930
1000.000512,2982.93205083,0,134.5652070045
1000.000512,2996.18228341,0,135.4643909931
1000.000512,3000.001536,0,135.9837470055
1000.000512,0,0,23.2995100021
1000.000512,0,2817.90209793,22.1487388611
1000.000512,0,2880.62545644,22.6417450905
1000.000512,0,3000.001536,24.1196599007
1000.000512,0,2996.63329058,24.0384190083
1000.000512,988.579798884,0,60.1275458336
1000.000512,1000.000512,0,60.8221781254
1000.000512,0,8185.53170222,29.3962318897
1000.000512,0,8910.45402943,31.9996039867
1000.000512,0,9144.43674196,32.9461178780
1000.000512,0,9344.06908979,33.8667099476
1000.000512,0,10438.2857626,39.7079968452
1000.000512,0,10743.7587601,41.6903960705
1000.000512,0,10678.6171205,41.1902360916
1000.000512,0,10725.7443529,41.5320768356
1000.000512,0,10941.1363644,43.8883898258
1000.000512,0,10984.5998627,44.5369641781
1000.000512,0,11000.005632,45.0512712002
1000.000512,0,10992.5495661,44.7153661251
1000.000512,2945.87861028,0,130.8057370186
1000.000512,2981.98822819,0,132.4091110229
1000.000512,2997.42674529,0,133.4405000210
1000.000512,3000.001536,0,133.7849681377
1000.000512,0,0,23.5994651318
1000.000512,0,2728.63765547,24.5987408161
1000.000512,0,2792.92212374,25.1782670021
1000.000512,0,2972.8954828,27.7056598663
1000.000512,0,3000.001536,28.4775741100
1000.000512,0,0,29.9533929825
1000.000512,0,2666.9972295,25.4811151028
1000.000512,0,2839.8450968,27.1325440407
1000.000512,0,2909.26420058,28.1562809944
1000.000512,0,3000.001536,30.9660570621
1000.000512,995.16286099,0,71.9397859573
1000.000512,1000.000512,0,72.2894971371
1000.000512,0,10080.278054,36.7230122089
1000.000512,0,10376.3089227,37.8014690876
1000.000512,0,10443.9737484,38.0742661953
1000.000512,0,10644.0778389,38.9765448570
1000.000512,0,10741.0171745,39.4708309174
1000.000512,0,10756.4166953,39.5610001087
1000.000512,0,10806.4111992,39.9086461067
1000.000512,0,10803.5745716,39.8850929737
1000.000512,0,10923.6131474,41.1374611855
1000.000512,0,10940.7946841,41.3792188168
1000.000512,0,10975.1413199,42.1115169525
1000.000512,0,11000.005632,43.1852889061
1000.000512,2973.9242428,0,138.5488951206
1000.000512,2993.80053701,0,139.4748899937
1000.000512,2999.39333268,0,139.8661301136
1000.000512,3000.001536,0,139.9512488842
1000.000512,0,0,25.8776171207
1000.000512,0,2712.89190299,25.6046609879
1000.000512,0,2751.37331247,25.9678540230
1000.000512,0,2934.73534503,28.6865890026
1000.000512,0,3000.001536,30.6895799637
1000.000512,997.538716869,0,68.4842448235
1000.000512,1000.000512,0,68.6532549858
1000.000512,0,9841.8909761,37.5524699688
1000.000512,0,10260.4845713,39.1496450901
1000.000512,0,10613.8103128,40.6433658600
1000.000512,0,10629.8603262,40.7190961838
1000.000512,0,10673.0904214,40.9498069286
1000.000512,0,10689.9555979,41.0533010960
1000.000512,0,10805.7575424,41.8888180256
1000.000512,0,10872.504802,42.4706130028
1000.000512,0,10901.6339534,42.7900791168
1000.000512,0,10907.346802,42.8743259907
1000.000512,0,10913.89149,43.0214412212
1000.000512,0,11000.005632,47.0752871037
1000.000512,2977.55172305,0,169.5144219398
1000.000512,2999.31891776,0,170.7536458969
1000.000512,2999.9821416,0,170.8102891445
1000.000512,3000.001536,0,170.8136019707
1000.000512,0,0,24.8530600071
1000.000512,0,2753.92543894,25.4678599834
1000.000512,0,2794.6366858,25.8443510532
1000.000512,0,2967.97338065,28.3405530453
1000.000512,0,3000.001536,29.2782819271
1000.000512,996.350263175,0,68.2950689793
1000.000512,1000.000512,0,68.5452761650
1000.000512,0,9593.61959621,33.9843020439
1000.000512,0,10013.3570365,35.4711740017
1000.000512,0,10173.5730131,36.1016881466
1000.000512,0,10319.8651591,36.7478430271
1000.000512,0,10668.6334409,38.4987611771
1000.000512,0,10705.8573578,38.7136590481
1000.000512,0,10721.3010635,38.8184430599
1000.000512,0,10735.5752052,38.9358048439
1000.000512,0,10785.9350806,39.4607050419
1000.000512,0,10843.4257655,40.2750191689
1000.000512,0,10963.7733889,42.9043710232
1000.000512,0,11000.005632,44.5173330307
1000.000512,2985.06110699,0,155.4508039951
1000.000512,2998.61452056,0,156.1566150188
1000.000512,2999.74338626,0,156.2448160648
1000.000512,3000.001536,0,156.2851610184
1000.000512,0,0,26.6504728794
1000.000512,0,2888.9543299,32.3906900883
1000.000512,0,2931.70573481,32.8700149059
1000.000512,0,2938.17774739,32.9801430702
1000.000512,0,3000.001536,35.1534621716
1000.000512,992.313383618,0,68.5490100384
1000.000512,1000.000512,0,69.0800368786
1000.000512,0,8818.66403713,28.7585639954
1000.000512,0,8868.67254099,28.9216468334
1000.000512,0,9297.03368056,30.4961068630
1000.000512,0,10190.3030896,34.2293009758
1000.000512,0,10565.6875893,36.0163121223
1000.000512,0,10613.2922268,36.2774491310
1000.000512,0,10655.6024779,36.5508909225
1000.000512,0,10870.2458732,38.2360460758
1000.000512,0,10934.6550133,38.8723759651
1000.000512,0,10953.0981693,39.1166739464
1000.000512,0,10955.1157931,39.1570830345
1000.000512,0,11000.005632,40.9974510670
1000.000512,2992.76928952,0,161.5441100597
1000.000512,2998.28226239,0,161.8416900635
1000.000512,2999.03025223,0,161.9022700787
1000.000512,3000.001536,0,162.0596759319
1000.000512,0,0,24.9377501011
1000.000512,0,2850.41903506,23.0242989063
1000.000512,0,2909.47608004,23.5013329983
1000.000512,0,2989.81178729,24.4900841713
1000.000512,0,3000.001536,24.7422008514
1000.000512,998.776358184,0,70.3942101002
1000.000512,1000.000512,0,70.4804890156
1000.000512,0,9874.16258454,28.1387660503
1000.000512,0,10115.1788309,28.8255989552
1000.000512,0,10206.778727,29.1152720451
1000.000512,0,10382.1892789,29.7375779152
1000.000512,0,10393.4613865,29.7829852104
1000.000512,0,10617.7337653,30.8277249336
1000.000512,0,10685.4722531,31.1994450092
1000.000512,0,10780.8181449,31.8343310356
1000.000512,0,10857.624375,32.4810369015
1000.000512,0,10896.5565452,32.9235579967
1000.000512,0,10945.6136992,33.7751750946
1000.000512,0,11000.005632,35.7179419994
1000.000512,2991.96143041,0,141.4507048130
1000.000512,2997.19728878,0,141.6982400417
1000.000512,2998.51436725,0,141.7916848660
1000.000512,3000.001536,0,142.0028669834
1000.000512,0,0,24.7782089710
1000.000512,0,2827.96961959,22.2728180885
1000.000512,0,2913.59420039,22.9471890926
1000.000512,0,2997.36041723,23.9516861439
1000.000512,0,3000.001536,24.0151128769
1000.000512,997.535156772,0,68.3871319294
1000.000512,1000.000512,0,68.5561470985
1000.000512,0,9135.2192933,28.6322240829
1000.000512,0,9372.17729589,29.3749139309
1000.000512,0,9734.07215532,30.6446709633
1000.000512,0,9993.12883644,31.6711299419
1000.000512,0,10409.7654781,33.5580329895
1000.000512,0,10600.1616833,34.5548439026
1000.000512,0,10807.7148535,35.8355159760
1000.000512,0,10868.8795601,36.2914228439
1000.000512,0,10901.9295108,36.6014430523
1000.000512,0,10919.8128326,36.8270020485
1000.000512,0,10947.2650327,37.3536078930
1000.000512,0,11000.005632,39.4333450794
1000.000512,2981.45583099,0,143.7017850876
1000.000512,2985.80293288,0,143.9113090038
1000.000512,2999.11825739,0,144.8762719631
1000.000512,3000.001536,0,145.0043511391
1000.000512,0,0,21.5277941227
1000.000512,0,2912.55094302,24.6544959545
1000.000512,0,2904.10962938,24.5830409527
1000.000512,0,2996.32880539,25.7344679832
1000.000512,0,3000.001536,25.8293321133
1000.000512,0,0,29.3090660572
1000.000512,0,2803.90185718,25.4964749813
1000.000512,0,2906.80257003,26.4321730137
1000.000512,0,2945.15686481,26.9638419151
1000.000512,0,3000.001536,28.5284759998
1000.000512,994.889964185,0,72.9573898315
1000.000512,1000.000512,0,73.3321571350
1000.000512,0,9505.31702249,34.3788690567
1000.000512,0,9835.20964115,35.5720260143
1000.000512,0,10102.6781462,36.6488988400
1000.000512,0,10187.7435766,37.0336549282
1000.000512,0,10645.3867878,39.3915860653
1000.000512,0,10742.3918206,39.9665989876
1000.000512,0,10760.3661716,40.0916991234
1000.000512,0,10762.4245812,40.1090350151
1000.000512,0,10905.8917479,41.6384570599
1000.000512,0,10947.0108151,42.2276520729
1000.000512,0,10968.4018665,42.6915919781
1000.000512,0,11000.005632,44.0848381519
1000.000512,2970.72755483,0,141.1114439964
1000.000512,2983.26214629,0,141.7068450451
1000.000512,2997.62901591,0,142.7333781719
1000.000512,3000.001536,0,143.0728211403
1000.000512,0,0,27.9164090157
1000.000512,0,2747.8846953,24.2782690525
1000.000512,0,2804.24161531,24.7761969566
1000.000512,0,2968.17283623,27.0273330212
1000.000512,0,3000.001536,27.9158580303
1000.000512,998.406794735,0,71.7664730549
1000.000512,1000.000512,0,71.8810310364
1000.000512,0,9976.99546698,36.1436169147
1000.000512,0,10140.2913022,36.7351880074
1000.000512,0,10367.5411383,37.6485140324
1000.000512,0,10457.1759999,38.0518128872
1000.000512,0,10557.3623117,38.5630347729
1000.000512,0,10695.1040573,39.3730771542
1000.000512,0,10746.9079216,39.7312231064
1000.000512,0,10828.0983801,40.4107809067
1000.000512,0,10868.8077428,40.8405239582
1000.000512,0,10886.7023475,41.0952730179
1000.000512,0,10994.6509016,43.4465639591
1000.000512,0,11000.005632,43.6804609299
1000.000512,2990.0299639,0,174.8686971664
1000.000512,2996.71056801,0,175.2594051361
1000.000512,2998.70642998,0,175.4345901012
1000.000512,3000.001536,0,175.6620910168
1000.000512,0,0,26.7290058136
1000.000512,0,2766.53981248,24.7480039597
1000.000512,0,2803.08837235,25.0749480724
1000.000512,0,2985.45244661,27.6110250950
1000.000512,0,3000.001536,28.0186710358
1000.000512,988.763278099,0,70.3961460590
1000.000512,1000.000512,0,71.1961939335
1000.000512,0,10078.9424266,76.1058139801
1000.000512,0,10235.3326133,77.2867119312
1000.000512,0,10467.6044715,79.2304999828
1000.000512,0,10617.7989114,80.6358540058
1000.000512,0,10635.6592347,80.8249089718
1000.000512,0,10689.7338404,81.4835588932
1000.000512,0,10704.8019048,81.6993510723
1000.000512,0,10730.8985986,82.1525230408
1000.000512,0,10798.9389902,83.6507399082
1000.000512,0,10813.3166918,84.0804409981
1000.000512,0,10987.1272856,92.1397659779
1000.000512,0,11000.005632,93.3418540955
1000.000512,2993.09979799,0,171.1470949650
1000.000512,2981.25776797,0,170.4699611664
1000.000512,2999.96243237,0,171.7363882065
1000.000512,3000.001536,0,171.7431039810
1000.000512,0,0,23.5702409744
1000.000512,0,2777.59647274,24.3495459557
1000.000512,0,2862.76681819,25.0961840153
1000.000512,0,2978.53263504,26.6558430195
1000.000512,0,3000.001536,27.2406699657
1000.000512,990.148801092,0,70.1154079437
1000.000512,1000.000512,0,70.8130371571
1000.000512,0,9388.73110364,32.0177288055
1000.000512,0,9726.12073614,33.1683049202
1000.000512,0,9854.67276645,33.6569359303
1000.000512,0,10274.4566385,35.4556920528
1000.000512,0,10445.3435811,36.2885949612
1000.000512,0,10574.5353188,37.0159709454
1000.000512,0,10696.7577052,37.8275511265
1000.000512,0,10805.9842247,38.7072589397
1000.000512,0,10845.4240041,39.1083660126
1000.000512,0,10955.2998557,40.6185350418
1000.000512,0,10980.8378332,41.1490509510
1000.000512,0,11000.005632,41.9532010555
1000.000512,2982.85897196,0,167.8705620766
1000.000512,2988.70021842,0,168.1992981434
1000.000512,2999.31524672,0,169.0970909595
1000.000512,3000.001536,0,169.2132201195
